PAC(128-71)
L = 8
T = 1  Error Count = 2000 , Max Frame = 50000000000
Rate-profile = rm-polar
design SNR = 3
Convolution poly = , [1 0 1 1 0 1 1]
CRC index = [15, 31, 47, 63, 79, 95, 111, 127] , CRC = 0 bits
Frozen-check = , [15, 23, 27, 29, 30, 39, 43] , Frozen-check = 7 bits
Mismatch = [82, 84, 88, 97, 98, 100, 104, 112] , Mismatch-length = 0 , Mismatch-first = True
Enabling-Criterion =, FrozenCheck
Running : Normal SCL
Decoding starting Time : 2025-11-12 16-33-01
Running Time : 97 min


SNR = [3.5]
FER = [0.007459487267426906]
average_decoding_attempt = [1.0]
correct_number = [266248]
miss_path = [222]
wrong_path = [1779]
detect_miss_path = [208]  ([0.93693694])
detect_wrong_path = [0]  ([0.])

snr = 3.5
numberofpasscheck        = [208, 2, 2, 2, 4, 3, 11, 22, 1747]
numberofpasscheck_missing = [208, 2, 1, 1, 1, 0, 0, 0, 9]
numberofpasscheck_wrong   = [0, 0, 1, 1, 3, 3, 11, 22, 1738]
number_of_correct_passchceck = [0, 5, 14, 55, 65, 182, 375, 1898, 263654]