PAC(128-72)
L = 8
T = 1  Error Count = 2000 , Max Frame = 50000000000
Rate-profile = rm-polar
design SNR = 3
Convolution poly = , [1 0 1 1 0 1 1]
CRC index = [15, 31, 47, 63, 79, 95, 111, 127] , CRC = 0 bits
Frozen-check = , [82, 84, 88, 97, 98, 100, 104, 112] , Frozen-check = 8 bits
Mismatch = [82, 84, 88, 97, 98, 100, 104, 112] , Mismatch-length = 0 , Mismatch-first = True
Enabling-Criterion =, FrozenCheck
Running : Normal SCL
Decoding starting Time : 2025-11-05 22-49-39
Running Time : 908 min


SNR = [3.5]
FER = [0.0008905555713797425]
average_decoding_attempt = [1.0]
correct_number = [2244911]
miss_path = [1998]
wrong_path = [3]
detect_miss_path = [1931]  ([0.96646647])
detect_wrong_path = [0]  ([0.])

snr = 3.5
numberofpasscheck        = [1931, 66, 4, 0, 0, 0, 0, 0, 0]
umberofpasscheck_missing = [1931, 66, 1, 0, 0, 0, 0, 0, 0]
umberofpasscheck_wrong   = [0, 0, 3, 0, 0, 0, 0, 0, 0]