PAC(128-72)
L = 8
T = 1  Error Count = 5000 , Max Frame = 50000000000
Rate-profile = rm-polar
design SNR = 3
Convolution poly = , [1 0 1 1 0 1 1]
CRC index = [15, 31, 47, 63, 79, 95, 111, 127] , CRC = 0 bits
Frozen-check = , [82, 84, 88, 97, 98, 100, 104, 112] , Frozen-check = 8 bits
Mismatch = [82, 84, 88, 97, 98, 100, 104, 112] , Mismatch-length = 0 , Mismatch-first = True
Enabling-Criterion =, FrozenCheck
Running : Normal SCL
Decoding starting Time : 2025-11-05 22-47-50
Running Time : 700 min


SNR = [1.0, 1.5, 2.0, 2.5, 3.0]
FER = [0.33635996771589993, 0.17809194829243974, 0.07193716825616019, 0.02249369178109918, 0.005401499588488034]
average_decoding_attempt = [1.0, 1.0, 1.0, 1.0, 1.0]
correct_number = [9867, 23080, 64518, 217328, 920853]
miss_path = [4987, 4981, 4993, 4991, 4979]
wrong_path = [14, 20, 8, 10, 22]
detect_miss_path = [4811, 4832, 4806, 4840, 4806]  ([0.96470824 0.97008633 0.96254757 0.96974554 0.96525407])
detect_wrong_path = [0, 0, 0, 0, 0]  ([0. 0. 0. 0. 0.])

snr = 1.0
numberofpasscheck        = [4811, 175, 15, 0, 0, 0, 0, 0, 0]
umberofpasscheck_missing = [4811, 175, 1, 0, 0, 0, 0, 0, 0]
umberofpasscheck_wrong   = [0, 0, 14, 0, 0, 0, 0, 0, 0]

snr = 1.5
numberofpasscheck        = [4832, 148, 20, 1, 0, 0, 0, 0, 0]
umberofpasscheck_missing = [4832, 148, 1, 0, 0, 0, 0, 0, 0]
umberofpasscheck_wrong   = [0, 0, 19, 1, 0, 0, 0, 0, 0]

snr = 2.0
numberofpasscheck        = [4806, 184, 11, 0, 0, 0, 0, 0, 0]
umberofpasscheck_missing = [4806, 184, 3, 0, 0, 0, 0, 0, 0]
umberofpasscheck_wrong   = [0, 0, 8, 0, 0, 0, 0, 0, 0]

snr = 2.5
numberofpasscheck        = [4840, 149, 12, 0, 0, 0, 0, 0, 0]
umberofpasscheck_missing = [4840, 149, 2, 0, 0, 0, 0, 0, 0]
umberofpasscheck_wrong   = [0, 0, 10, 0, 0, 0, 0, 0, 0]

snr = 3.0
numberofpasscheck        = [4806, 173, 22, 0, 0, 0, 0, 0, 0]
umberofpasscheck_missing = [4806, 173, 0, 0, 0, 0, 0, 0, 0]
umberofpasscheck_wrong   = [0, 0, 22, 0, 0, 0, 0, 0, 0]