PAC(128-72)
L = 8
T = 1  Error Count = 10000 , Max Frame = 50000000000
Rate-profile = rm-polar
design SNR = 3
Convolution poly = , [1 0 1 1 0 1 1]
CRC index = [15, 31, 47, 63, 79, 95, 111, 127] , CRC = 0 bits
Frozen-check = , [15, 23, 27, 29, 30, 39, 43, 71] , Frozen-check = 8 bits
Mismatch = [82, 84, 88, 97, 98, 100, 104, 112] , Mismatch-length = 0 , Mismatch-first = True
Enabling-Criterion =, FrozenCheck
Running : Normal SCL
Decoding starting Time : 2025-11-11 17-33-40
Running Time : 331 min


SNR = [1.0, 1.5, 2.0, 2.5, 3.0]
FER = [0.47261471575067343, 0.29416436260956524, 0.15529020837862179, 0.06905146581603767, 0.028347586019234747]
average_decoding_attempt = [1.0, 1.0, 1.0, 1.0, 1.0]
correct_number = [11160, 23997, 54401, 134833, 342798]
miss_path = [7216, 5924, 4658, 3205, 1879]
wrong_path = [2785, 4077, 5343, 6796, 8122]
detect_miss_path = [5715, 4730, 3778, 2708, 1626]  ([0.79199002 0.798447   0.81107772 0.8449298  0.86535391])
detect_wrong_path = [0, 0, 0, 0, 0]  ([0. 0. 0. 0. 0.])

snr = 1.0
numberofpasscheck        = [5715, 262, 247, 283, 296, 332, 407, 575, 1884]
numberofpasscheck_missing = [5715, 262, 194, 160, 155, 140, 129, 150, 311]
numberofpasscheck_wrong   = [0, 0, 53, 123, 141, 192, 278, 425, 1573]
number_of_correct_passchceck = [0, 269, 310, 366, 504, 665, 939, 1597, 6510]

snr = 1.5
numberofpasscheck        = [4730, 172, 216, 205, 296, 321, 451, 708, 2902]
numberofpasscheck_missing = [4730, 172, 151, 94, 117, 89, 97, 122, 352]
numberofpasscheck_wrong   = [0, 0, 65, 111, 179, 232, 354, 586, 2550]
number_of_correct_passchceck = [0, 304, 414, 559, 710, 1000, 1509, 2814, 16687]

snr = 2.0
numberofpasscheck        = [3778, 109, 149, 161, 193, 269, 395, 771, 4176]
numberofpasscheck_missing = [3778, 109, 78, 78, 62, 68, 74, 99, 312]
numberofpasscheck_wrong   = [0, 0, 71, 83, 131, 201, 321, 672, 3864]
number_of_correct_passchceck = [0, 308, 375, 627, 899, 1364, 2302, 5001, 43525]

snr = 2.5
numberofpasscheck        = [2708, 48, 67, 118, 136, 209, 326, 700, 5689]
numberofpasscheck_missing = [2708, 48, 33, 41, 35, 41, 40, 56, 203]
numberofpasscheck_wrong   = [0, 0, 34, 77, 101, 168, 286, 644, 5486]
number_of_correct_passchceck = [0, 265, 437, 614, 959, 1670, 3220, 7970, 119698]

snr = 3.0
numberofpasscheck        = [1626, 27, 33, 38, 63, 104, 201, 505, 7404]
numberofpasscheck_missing = [1626, 27, 17, 7, 9, 10, 12, 24, 147]
numberofpasscheck_wrong   = [0, 0, 16, 31, 54, 94, 189, 481, 7257]
number_of_correct_passchceck = [0, 139, 289, 497, 859, 1586, 3530, 11239, 324659]