PAC(128-72)
L = 8
T = 1  Error Count = 10000 , Max Frame = 50000000000
Rate-profile = rm-polar
design SNR = 3
Convolution poly = , [1 0 1 1 0 1 1]
CRC index = [15, 31, 47, 63, 79, 95, 111, 127] , CRC = 0 bits
Frozen-check = , [82, 84, 88, 97, 98, 100, 104, 112] , Frozen-check = 8 bits
Mismatch = [82, 84, 88, 97, 98, 100, 104, 112] , Mismatch-length = 0 , Mismatch-first = True
Enabling-Criterion =, FrozenCheck
Running : Normal SCL
Decoding starting Time : 2025-11-11 17-34-59
Running Time : 1017 min


SNR = [1.0, 1.5, 2.0, 2.5, 3.0]
FER = [0.33337777925930867, 0.17509060032563595, 0.07190773721788023, 0.022938020784356, 0.005358512968447944]
average_decoding_attempt = [1.0, 1.0, 1.0, 1.0, 1.0]
correct_number = [19998, 47118, 129080, 426000, 1856375]
miss_path = [9978, 9980, 9977, 9967, 9974]
wrong_path = [23, 21, 24, 34, 27]
detect_miss_path = [9684, 9660, 9665, 9629, 9644]  ([0.97053518 0.96793587 0.96872807 0.96608809 0.96691398])
detect_wrong_path = [0, 0, 0, 0, 0]  ([0. 0. 0. 0. 0.])

snr = 1.0
numberofpasscheck        = [9684, 294, 22, 1, 0, 0, 0, 0, 0]
numberofpasscheck_missing = [9684, 294, 0, 0, 0, 0, 0, 0, 0]
numberofpasscheck_wrong   = [0, 0, 22, 1, 0, 0, 0, 0, 0]
number_of_correct_passchceck = [0, 19865, 133, 0, 0, 0, 0, 0, 0]

snr = 1.5
numberofpasscheck        = [9660, 314, 27, 0, 0, 0, 0, 0, 0]
numberofpasscheck_missing = [9660, 314, 6, 0, 0, 0, 0, 0, 0]
numberofpasscheck_wrong   = [0, 0, 21, 0, 0, 0, 0, 0, 0]
number_of_correct_passchceck = [0, 46876, 242, 0, 0, 0, 0, 0, 0]

snr = 2.0
numberofpasscheck        = [9665, 311, 25, 0, 0, 0, 0, 0, 0]
numberofpasscheck_missing = [9665, 311, 1, 0, 0, 0, 0, 0, 0]
numberofpasscheck_wrong   = [0, 0, 24, 0, 0, 0, 0, 0, 0]
number_of_correct_passchceck = [0, 128658, 422, 0, 0, 0, 0, 0, 0]

snr = 2.5
numberofpasscheck        = [9629, 335, 37, 0, 0, 0, 0, 0, 0]
numberofpasscheck_missing = [9629, 335, 3, 0, 0, 0, 0, 0, 0]
numberofpasscheck_wrong   = [0, 0, 34, 0, 0, 0, 0, 0, 0]
number_of_correct_passchceck = [0, 425182, 816, 2, 0, 0, 0, 0, 0]

snr = 3.0
numberofpasscheck        = [9644, 322, 35, 0, 0, 0, 0, 0, 0]
numberofpasscheck_missing = [9644, 322, 8, 0, 0, 0, 0, 0, 0]
numberofpasscheck_wrong   = [0, 0, 27, 0, 0, 0, 0, 0, 0]
number_of_correct_passchceck = [0, 1854731, 1642, 2, 0, 0, 0, 0, 0]