PAC(128-71)
L = 8
T = 1  Error Count = 10000 , Max Frame = 50000000000
Rate-profile = rm-polar
design SNR = 3
Convolution poly = , [1 0 1 1 0 1 1]
CRC index = [15, 31, 47, 63, 79, 95, 111, 127] , CRC = 0 bits
Frozen-check = , [84, 88, 97, 98, 100, 104, 112] , Frozen-check = 7 bits
Mismatch = [82, 84, 88, 97, 98, 100, 104, 112] , Mismatch-length = 0 , Mismatch-first = True
Enabling-Criterion =, FrozenCheck
Running : Normal SCL
Decoding starting Time : 2025-11-11 17-35-13
Running Time : 1072 min


SNR = [1.0, 1.5, 2.0, 2.5, 3.0]
FER = [0.313186985250368, 0.1656782188059108, 0.0673254929416279, 0.02129186093547082, 0.004979709711952598]
average_decoding_attempt = [1.0, 1.0, 1.0, 1.0, 1.0]
correct_number = [21932, 50363, 138546, 459709, 1998349]
miss_path = [9969, 9961, 9959, 9958, 9964]
wrong_path = [32, 40, 42, 43, 37]
detect_miss_path = [9358, 9338, 9297, 9287, 9288]  ([0.93871    0.93745608 0.93352746 0.93261699 0.93215576])
detect_wrong_path = [0, 0, 0, 0, 0]  ([0. 0. 0. 0. 0.])

snr = 1.0
numberofpasscheck        = [9358, 596, 47, 0, 0, 0, 0, 0, 0]
numberofpasscheck_missing = [9358, 596, 15, 0, 0, 0, 0, 0, 0]
numberofpasscheck_wrong   = [0, 0, 32, 0, 0, 0, 0, 0, 0]
number_of_correct_passchceck = [0, 21674, 257, 1, 0, 0, 0, 0, 0]

snr = 1.5
numberofpasscheck        = [9338, 613, 49, 1, 0, 0, 0, 0, 0]
numberofpasscheck_missing = [9338, 613, 9, 1, 0, 0, 0, 0, 0]
numberofpasscheck_wrong   = [0, 0, 40, 0, 0, 0, 0, 0, 0]
number_of_correct_passchceck = [0, 49889, 472, 2, 0, 0, 0, 0, 0]

snr = 2.0
numberofpasscheck        = [9297, 653, 51, 0, 0, 0, 0, 0, 0]
numberofpasscheck_missing = [9297, 653, 9, 0, 0, 0, 0, 0, 0]
numberofpasscheck_wrong   = [0, 0, 42, 0, 0, 0, 0, 0, 0]
number_of_correct_passchceck = [0, 137674, 866, 6, 0, 0, 0, 0, 0]

snr = 2.5
numberofpasscheck        = [9287, 660, 53, 1, 0, 0, 0, 0, 0]
numberofpasscheck_missing = [9287, 660, 11, 0, 0, 0, 0, 0, 0]
numberofpasscheck_wrong   = [0, 0, 42, 1, 0, 0, 0, 0, 0]
number_of_correct_passchceck = [0, 458145, 1555, 9, 0, 0, 0, 0, 0]

snr = 3.0
numberofpasscheck        = [9288, 657, 56, 0, 0, 0, 0, 0, 0]
numberofpasscheck_missing = [9288, 657, 19, 0, 0, 0, 0, 0, 0]
numberofpasscheck_wrong   = [0, 0, 37, 0, 0, 0, 0, 0, 0]
number_of_correct_passchceck = [0, 1995168, 3166, 15, 0, 0, 0, 0, 0]