PAC(128-72)
L = 8
T = 1  Error Count = 2000 , Max Frame = 50000000000
Rate-profile = rm-polar
design SNR = 3
Convolution poly = , [1 0 1 1 0 1 1]
CRC index = [15, 31, 47, 63, 79, 95, 111, 127] , CRC = 0 bits
Frozen-check = , [82, 84, 88, 97, 98, 100, 104, 112] , Frozen-check = 8 bits
Mismatch = [82, 84, 88, 97, 98, 100, 104, 112] , Mismatch-length = 0 , Mismatch-first = True
Enabling-Criterion =, FrozenCheck
Running : Normal SCL
Decoding starting Time : 2025-11-12 16-33-56
Running Time : 764 min


SNR = [3.5]
FER = [0.000836206356171253]
average_decoding_attempt = [1.0]
correct_number = [2390949]
miss_path = [1997]
wrong_path = [4]
detect_miss_path = [1925]  ([0.96394592])
detect_wrong_path = [0]  ([0.])

snr = 3.5
numberofpasscheck        = [1925, 72, 4, 0, 0, 0, 0, 0, 0]
numberofpasscheck_missing = [1925, 72, 0, 0, 0, 0, 0, 0, 0]
numberofpasscheck_wrong   = [0, 0, 4, 0, 0, 0, 0, 0, 0]
number_of_correct_passchceck = [0, 2390027, 919, 3, 0, 0, 0, 0, 0]